1.1573e-13, 0.4978
5.1539e-13, 0.2503
1.1221e-12, 0.0505
3.7093e-12, 0.0143
6.7576e-12, 1.2274e-3
9.1335e-12, 9.9265e-5
1.6642e-11, 7.1584e-6
3.8448e-11, 2.0341e-6
6.9923e-11, 8.6253e-7
1.7167e-10, 8.7609e-8
3.7372e-10, 1.9809e-8
6.0306e-10, 9.4181e-9
1.3932e-9, 2.8336e-9
1.7711e-9, 9.5642e-10
2.122e-9, 2.164e-10
2.6973e-9, 8.1887e-11
2.8679e-9, 1.8531e-11
3.2355e-9, 6.2555e-12
3.4406e-9, 1.2627e-12
2.5159e-13, 0.419
7.3814e-13, 0.1062
2.1657e-12, 0.0269
5.6429e-12, 3.4342e-3
8.0963e-12, 2.7772e-4
1.1616e-11, 2.3779e-5
1.1289e-10, 2.5961e-7
1.0328e-9, 5.6275e-9
2.2451e-11, 3.4042e-6
2.4589e-10, 3.5096e-8
4.1265e-9, 1.0814e-13
3.6575e-9, 3.3918e-13
3.4406e-9, 1.2627e-15
